Overwrite with new capture


/Gem Systems GSM-19GW 4046514 v7.0 4 IV 2013 M ew5fl.v7o                          
/ID 45142 file 01survey.b   15 II 00
/datum  49000.00
/
/time nT sq 
000412.0  49647.10 99 
000413.0  49650.26 99 
000414.0  49651.99 99 
000415.0  50108.12 69 
000416.0  50201.49 59 
000417.0  50223.60 39 
000418.0  50190.56 39 
000419.0  50448.68 49 
000420.0  50439.87 79 
000421.0  50329.55 19 
000422.0  50446.82 09 
000423.0  50381.17 19 
000424.0  50332.26 19 
000425.0  50537.56 29 
000426.0  50736.82 49 
000427.0  50368.54 79 
000428.0  50239.46 29 
000429.0  50542.25 29 
000430.0  50527.39 29 
000431.0  50416.82 29 
000432.0  50557.61 39 
000433.0  50794.30 39 
000434.0  50921.84 39 
000435.0  51918.26 29 
000436.0  52811.06 19 
000437.0  52538.37 49 
000438.0  54162.89 29 
000439.0  55493.28 09 
000440.0  56675.84 09 
000441.0  57970.23 09 
000442.0  54356.54 29 
000443.0  53802.21 09 
000444.0  54209.06 39 
000445.0  54794.59 09 
000446.0  47933.26 09 
000447.0  51322.41 49 
000448.0  52298.18 09 
000449.0  52634.05 29 
000450.0  52662.77 49 
000451.0  50598.41 29 
000452.0  50623.61 39 
000453.0  50257.60 49 
000454.0  50279.31 49 
000455.0  50077.30 49 
000456.0  50388.03 49 
000457.0  50220.21 49 
000458.0  50080.18 49 
000459.0  49751.95 49 
000500.0  49724.80 49 
000501.0  50205.04 39 
000502.0  50021.48 49 
000503.0  50185.33 49 
000504.0  48763.56 09 
000505.0  50118.02 89 
000506.0  50138.63 79 
000507.0  50535.37 39 
000508.0  50600.33 49 
000509.0  51180.32 99 
000510.0  51865.80 49 
000511.0  52110.71 19 
000512.0  52319.83 39 
000513.0  52238.39 19 
000514.0  52956.93 19 
000515.0  51684.78 19 
000516.0  51940.55 19 
000517.0  51817.57 19 
000518.0  50187.52 09 
000519.0  50291.64 29 
000520.0  50303.22 29 
000521.0  50400.40 29 
000522.0  50512.36 29 
000523.0  50723.87 29 
000524.0  51425.01 19 
000525.0  52274.73 19 
000526.0  52103.82 39 
000527.0  52686.03 19 
000528.0  52476.65 29 
000529.0  52457.66 49 
000530.0  50218.00 69 
000531.0  50350.96 69 
000532.0  50371.46 99 
000533.0  50370.22 99 
000534.0  50451.63 99 
000535.0  50222.81 99 
000536.0  50011.56 99 
000537.0  49949.14 99 
000538.0  49915.87 99 
000539.0  49885.94 99 
000540.0  50004.99 99 
000541.0  50037.59 99 
000542.0  50663.16 99 
000543.0  51181.54 99 
000544.0  50995.46 99 
000545.0  50942.45 99 
000546.0  51525.07 99 
000547.0  52119.85 69 
000548.0  51331.56 99 
000549.0  50045.17 99 
000550.0  50224.88 99 
000551.0  51151.60 99 
000552.0  51969.35 09 
000553.0  50618.37 99 
000554.0  50270.89 99 
000555.0  50510.46 99 
000556.0  50317.37 99 
000557.0  50781.16 69 
000558.0  51481.33 29 
000559.0  50115.42 99 
000600.0  50120.63 99 
000601.0  50117.81 99 
000602.0  50146.37 99 
000603.0  50143.19 99 
000604.0  50326.31 99 
000605.0  51940.18 09 
000606.0  51113.38 99 
000607.0  50894.29 99 
000608.0  50967.53 99 
000609.0  51209.46 99 
000610.0  50586.52 99 
000611.0  50410.72 99 
000612.0  50469.30 99 
000613.0  50436.84 99 
000614.0  50401.35 99 
000615.0  51317.87 79 
000616.0  50540.65 79 
000617.0  49147.19 99 
000618.0  49345.63 99 
000619.0  50407.30 99 
000620.0  50983.84 39 
000621.0  51102.13 39 
000622.0  52099.96 29 
000623.0  52650.05 09 
000624.0  53010.14 49 
000625.0  52694.21 99 
000626.0  52314.25 99 
000627.0  52788.87 69 
000628.0  52723.79 59 
000629.0  52767.27 69 
000630.0  50037.23 99 
000631.0  50049.96 99 
000632.0  50100.06 99 
000633.0  50253.15 99 
000634.0  53316.69 09 
000635.0  52377.94 09 
000636.0  50320.48 49 
000637.0  49800.28 99 
000638.0  49950.45 99 
000639.0  50034.00 99 
000640.0  50002.83 99 
000641.0  49636.29 99 
000642.0  49345.88 99 
000643.0  49480.42 99 
000644.0  49618.31 99 
000645.0  49835.43 99 
000646.0  49840.61 99 
000647.0  49600.60 99 
000648.0  49315.06 99 
000649.0  49280.29 99 
000650.0  48830.68 99 
000651.0  48763.79 99 
000652.0  48721.49 99 
000653.0  49084.59 99 
000654.0  49139.40 99 
000655.0  49180.17 99 
000656.0  49513.82 99 
000657.0  49522.52 99 
000658.0  49945.06 99 
000659.0  50109.53 99 
000700.0  50344.25 99 
000701.0  50362.34 99 
000702.0  50390.56 99 
000703.0  50089.29 99 
000704.0  50137.26 99 
000705.0  50314.70 99 
000706.0  50116.70 99 
000707.0  49765.70 99 
000708.0  49929.69 99 
000709.0  50069.94 99 
000710.0  50324.59 99 
000711.0  50351.43 99 
000712.0  50383.72 99 
000713.0  50084.45 99 
000714.0  50121.73 99 
000715.0  50303.84 99 
000716.0  50091.04 99 
000717.0  49864.90 99 
000718.0  50292.83 99 
000719.0  50867.03 99 
000720.0  51954.30 29 
000721.0  53240.70 09 
000722.0  55043.51 09 
000723.0  57919.90 09 
000724.0  59175.82 09 
000725.0  57194.36 29 
000726.0  56269.66 69 
000727.0  56617.29 69 
000728.0  52518.41 09 
000729.0  50642.96 09 
000730.0  51074.88 99 
000731.0  51114.87 99 
000732.0  51633.80 99 
000733.0  51548.43 99 
000734.0  51708.11 99 
000735.0  51652.69 99 
000736.0  51694.74 99 
000737.0  50298.25 99 
000738.0  49533.16 99 
000739.0  49397.25 99 
000740.0  49541.48 99 
000741.0  49568.65 99 
000742.0  49567.53 99 
000743.0  49573.01 99 
000744.0  49573.27 99 
000745.0  49563.75 99 
000746.0  49556.78 99 
000747.0  49758.87 99 
000748.0  51340.87 39 
000749.0  53117.89 09 
000750.0  53754.09 09 
000751.0  53333.84 49 
000752.0  53706.46 39 
000753.0  53946.09 39 
000754.0  53860.87 49 
000755.0  54164.42 29 
000756.0  53373.56 39 
000757.0  51355.41 09 
000758.0  51542.13 29 
000759.0  51179.66 99 
000800.0  52601.79 59 
000801.0  49820.36 99 
000802.0  50074.40 99 
000803.0  50628.80 99 
000804.0  50649.82 99 
000805.0  51240.03 99 
000806.0  51334.07 99 
000807.0  51191.05 99 
000808.0  50835.54 99 
000809.0  50859.66 99 
000810.0  51307.16 99 
000811.0  50902.08 99 
000812.0  49776.05 99 
000813.0  49768.05 99 
000814.0  49908.69 99 
000815.0  50104.76 99 
000816.0  50102.58 99 
000817.0  49833.06 99 
000818.0  50276.66 99 
000819.0  50627.00 59 
000820.0  50790.04 09 
000821.0  51694.39 19 
000822.0  51821.42 29 
000823.0  52662.98 49 
000824.0  54616.70 09 
000825.0  54997.74 09 
000826.0  55641.81 29 
000827.0  56654.87 59 
000828.0  52451.25 09 
000829.0  49926.91 09 
000830.0  50319.66 19 
000831.0  50915.15 99 
000832.0  52249.62 09 
000833.0  54107.33 09 
000834.0  52806.18 49 
000835.0  51713.26 19 
000836.0  49572.79 99 
000837.0  49568.88 99 
000838.0  49527.75 99 
000839.0  49399.38 99 
000840.0  49585.21 99 
000841.0  50740.29 69 
000842.0  52283.03 09 
000843.0  52769.06 09 
000844.0  50724.03 59 
000845.0  49681.01 99 
000846.0  49566.23 99 
000847.0  49564.21 99 
000848.0  49568.50 99 
000849.0  49565.75 99 
000850.0  49564.51 99 
000851.0  49565.12 99 
000852.0  49570.70 99 
000853.0  49570.60 99 
000854.0  49569.65 99 
000855.0  49561.92 99 
000856.0  49557.25 99 
000857.0  50019.97 99 
000858.0  50780.88 29 
000859.0  50829.56 99 
000900.0  50119.82 99 
000901.0  51077.97 99 
000902.0  50779.54 99 
000903.0  51295.68 89 
000904.0  50462.05 99 
000905.0  51225.50 99 
000906.0  51976.84 09 
000907.0  51884.86 79 
000908.0  52076.17 49 
000909.0  51407.24 99 
000910.0  51524.67 79 
000911.0  50911.76 89 
000912.0  50445.35 99 
000913.0  49670.46 99 
000914.0  49548.65 99 
000915.0  49695.39 99 
000916.0  50032.43 99 
000917.0  49578.28 99 
000918.0  49835.75 99 
000919.0  50275.14 99 
000920.0  50336.55 99 
000921.0  50966.71 89 
000922.0  51219.02 59 
000923.0  52653.70 09 
000924.0  53619.36 09 
000925.0  53965.36 19 
000926.0  55086.41 09 
000927.0  53696.97 19 
000928.0  53716.01 09 
000929.0  53665.47 29 
000930.0  54040.02 19 
000931.0  54967.32 09 
000932.0  00000.00 99 
000933.0  48768.53 09 
000934.0  56528.38 19 
000935.0  50261.45 09 
000936.0  51746.15 09 
000937.0  51974.91 09 
000938.0  53660.91 09 
000939.0  53589.14 09 
000940.0  54973.93 19 
000941.0  54530.89 19 
000942.0  54248.54 29 
000943.0  50232.23 09 
000944.0  50464.40 09 
000945.0  50417.30 99 
000946.0  50165.82 99 
000947.0  49732.48 99 
000948.0  49971.26 99 
000949.0  50046.33 99 
000950.0  49920.36 99 
000951.0  49632.44 99 
000952.0  49982.40 99 
000953.0  49691.09 99 
000954.0  50139.65 99 
000955.0  50004.76 99 
000956.0  49858.48 99 
000957.0  50050.15 99 
000958.0  50328.27 99 
000959.0  50781.36 69 
001000.0  51160.77 99 
001001.0  50743.80 99 
001002.0  51084.58 99 
001003.0  51213.61 99 
001004.0  51339.37 79 
001005.0  53014.76 09 
001006.0  53460.61 09 
001007.0  54038.73 29 
001008.0  54746.23 09 
001009.0  54610.09 59 
001010.0  54273.09 49 
001011.0  54137.03 39 
001012.0  52227.76 09 
001013.0  52986.89 49 
001014.0  52254.34 59 
001015.0  50411.60 59 
001016.0  50245.55 79 
001017.0  50297.90 99 
001018.0  50650.05 99 
001019.0  51189.63 49 
001020.0  53570.05 09 
001021.0  53521.91 09 
001022.0  52012.90 09 
001023.0  00000.00 99 
001024.0  28889.27 09 
001025.0  31870.73 09 
001026.0  31333.47 09 
001027.0  00000.00 99 
001028.0  14086.92 19 
001029.0  14559.49 09 
001030.0  18434.21 09 
001031.0  30670.12 09 
001032.0  14085.69 59 
001033.0  27361.85 09 
001034.0  00000.00 99 
001035.0  00000.00 99 
001036.0  00000.00 99 
001037.0  19270.82 09 
001038.0  20862.44 09 
001039.0  00000.00 09 
001040.0  20799.20 09 
001041.0  20944.81 09 
001042.0  22048.44 09 
001043.0  20794.49 09 
001044.0  21127.97 19 
001045.0  14084.10 99 
001046.0  14090.36 79 
001047.0  14084.81 39 
001048.0  14085.60 99 
001049.0  14087.29 99 
001050.0  14086.59 59 
001051.0  14094.59 09 
001052.0  22698.71 09 
001053.0  14114.29 09 
001054.0  14217.68 09 
001055.0  14100.13 19 
001056.0  14087.26 59 
001057.0  14086.88 59 
001058.0  14086.89 99 
001059.0  14086.67 99 
001100.0  14097.53 09 
001101.0  14086.48 99 
001102.0  14085.99 99 
001103.0  14086.74 99 
001104.0  14090.34 99 
001105.0  14090.32 99 
001106.0  14088.63 29 
001107.0  14087.74 99 
001108.0  14089.88 89 
001109.0  14088.35 09 
001110.0  14089.68 29 
001111.0  14089.11 99 
001112.0  14087.80 49 
001113.0  14087.45 39 
001114.0  14086.80 99 
001115.0  14082.61 79 
001116.0  14103.92 09 
001117.0  14095.93 09 
001118.0  14085.33 29 
001119.0  14086.22 59 
001120.0  14088.04 49 
001121.0  14098.25 89 
001122.0  14079.79 99 
001123.0  14084.57 89 
001124.0  14086.30 19 
001125.0  14086.55 99 
001126.0  14094.67 59 
001127.0  14084.55 59 
001128.0  14086.43 29 
001129.0  14084.15 49 
001130.0  14087.84 49 
001131.0  14091.30 19 
001132.0  14566.38 09 
001133.0  21795.75 09 
001134.0  20579.73 09 
001135.0  00000.00 05 
001136.0  00000.00 09 
001137.0  00000.00 09 
001138.0  00000.00 09 
001139.0  00000.00 09 
001140.0  21062.01 09 
001141.0  21121.78 29 
001142.0  00000.00 09 
001143.0  00000.00 09 
001144.0  00000.00 09 
001145.0  00000.00 09 
001146.0  14083.97 99 
001147.0  14099.41 09 
001148.0  14082.20 49 
001149.0  14079.88 99 
001150.0  14083.12 99 
001151.0  14080.34 99 
001152.0  14079.81 99 
001153.0  14080.17 89 
001154.0  14080.31 69 
001155.0  14087.32 29 
001156.0  14079.39 99 
001157.0  14080.79 39 
001158.0  14080.70 19 
001159.0  14081.99 99 
001200.0  14081.19 99 
001201.0  14072.00 49 
001202.0  14120.05 09 
001203.0  14093.94 19 
001204.0  14079.92 49 
001205.0  14082.80 99 
001206.0  14093.51 59 
001207.0  14080.63 79 
001208.0  14083.48 99 
001209.0  14083.36 99 
001210.0  14089.22 99 
001211.0  14091.34 99 
001212.0  00000.00 99 
001213.0  14086.86 29 
001214.0  14191.88 09 
001215.0  14085.59 49 
001216.0  14120.58 09 
001217.0  14192.01 09 
001218.0  17921.12 09 
001219.0  20972.58 09 
001220.0  00000.00 05 
001221.0  00000.00 09 
001222.0  00000.00 09 
001223.0  16643.42 09 
001224.0  00000.00 09 
001225.0  00000.00 09 
001226.0  00000.00 09 
001227.0  00000.00 09 
001228.0  00000.00 09 
001229.0  00000.00 09 
001230.0  14342.25 09 
001231.0  14166.58 09 
001232.0  00000.00 09 
001233.0  00000.00 09 
001234.0  00000.00 09 
001235.0  00000.00 09 
001236.0  00000.00 09 
001237.0  00000.00 09 
001238.0  14084.53 39 
001239.0  14088.05 29 
001240.0  14090.90 29 
001241.0  14088.83 39 
001242.0  14089.26 19 
001243.0  14126.07 09 
001244.0  14124.66 09 
001245.0  14322.43 09 
001246.0  14216.90 09 
001247.0  14363.00 09 
001248.0  14139.17 09 
001249.0  14311.09 09 
001250.0  14103.18 09 
001251.0  14092.32 19 
001252.0  14091.56 19 
001253.0  14138.32 09 
001254.0  14186.22 09 
001255.0  14116.20 09 
001256.0  14149.93 09 
001257.0  14165.85 09 
001258.0  15988.12 09 
001259.0  17046.62 09 
001300.0  15019.10 09 
001301.0  14627.45 09 
001302.0  16626.57 09 
001303.0  14172.70 09 
001304.0  14084.33 49 
001305.0  14086.49 69 
001306.0  14090.55 09 
001307.0  14087.73 99 
001308.0  14088.22 99 
001309.0  14088.24 99 
001310.0  14085.58 09 
001311.0  14087.28 99 
001312.0  14086.99 99 
001313.0  14087.23 99 
001314.0  14086.49 99 
001315.0  14085.91 99 
001316.0  14085.01 59 
001317.0  14085.43 49 
001318.0  14085.11 99 
001319.0  14087.26 29 
001320.0  00000.00 09 
001321.0  00000.00 09 
001322.0  14083.92 99 
001323.0  14091.00 29 
001324.0  14086.46 39 
001325.0  14086.73 29 
001326.0  14086.65 99 
001327.0  14087.00 99 
001328.0  14103.50 09 
001329.0  14296.99 09 
001330.0  14102.95 09 
001331.0  16663.13 09 
001332.0  16562.28 09 
001333.0  16629.37 09 
001334.0  16714.02 09 
001335.0  17108.79 09 
001336.0  17204.40 09 
001337.0  16234.74 09 
001338.0  16018.28 09 
001339.0  16176.09 09 
001340.0  15636.89 09 
001341.0  16123.14 09 
001342.0  16192.05 09 
001343.0  16234.74 09 
001344.0  16149.58 09 
001345.0  15889.10 09 
001346.0  15909.63 09 
001347.0  16213.37 09 
001348.0  17120.68 09 
001349.0  17276.82 09 
001350.0  17411.17 09 
001351.0  17114.73 09 
001352.0  14665.70 09 
001353.0  14716.52 09 
001354.0  16528.93 09 
001355.0  16839.73 09 
001356.0  14167.68 09 
001357.0  14140.43 09 
001358.0  14098.00 19 
001359.0  14166.39 09 
001400.0  14182.01 09 
001401.0  14090.75 99 
001402.0  14091.99 99 
001403.0  14149.70 09 
001404.0  14151.04 09 
001405.0  16634.99 09 
001406.0  14327.95 09 
001407.0  14092.05 69 
001408.0  14094.49 39 
001409.0  14099.20 09 
001410.0  14093.03 99 
001411.0  14104.38 09 
001412.0  14090.85 99 
001413.0  14095.66 99 
001414.0  14094.81 99 
001415.0  14095.64 99 
001416.0  14094.55 99 
001417.0  14099.57 99 
001418.0  14098.71 19 
001419.0  14159.55 09 
001420.0  14142.52 09 
001421.0  14996.56 09 
001422.0  14998.84 09 
001423.0  14201.01 09 
001424.0  16081.03 09 
001425.0  17560.15 09 
001426.0  14655.22 09 
001427.0  16402.33 09 
001428.0  14730.17 09 
001429.0  14992.45 09 
001430.0  15602.22 09 
001431.0  14881.03 09 
001432.0  15930.21 09 
001433.0  15935.36 09 
001434.0  00000.00 09 
001435.0  14248.40 09 
001436.0  14578.88 09 
001437.0  14367.83 09 
001438.0  16283.04 09 
001439.0  14094.42 99 
001440.0  14102.27 69 
001441.0  16353.32 09 
001442.0  17055.47 09 
001443.0  17451.27 09 
001444.0  00000.00 99 
001445.0  14029.11 09 
001446.0  17667.22 09 
001447.0  14578.02 09 
001448.0  14317.23 09 
001449.0  14366.84 09 
001450.0  14117.23 09 
001451.0  14117.17 09 
001452.0  14100.75 39 
001453.0  14099.64 29 
001454.0  14103.70 19 
001455.0  14102.54 19 
001456.0  14104.19 19 
001457.0  14101.25 29 
001458.0  14101.26 19 
001459.0  14099.03 29 
001500.0  14097.89 49 
001501.0  14098.05 89 
001502.0  14097.15 99 
001503.0  14097.30 99 
001504.0  14097.65 99 
001505.0  14098.29 99 
001506.0  14097.56 99 
001507.0  14097.56 39 
001508.0  14097.22 99 
001509.0  14100.61 99 
001510.0  14097.62 49 
001511.0  14098.05 59 
001512.0  14097.21 59 
001513.0  14099.93 49 
001514.0  15153.42 09 
001515.0  14327.04 09 
001516.0  14696.33 09 
001517.0  15201.59 09 
001518.0  17173.81 09 
001519.0  15657.27 09 
001520.0  15112.51 09 
001521.0  16068.97 09 
001522.0  00000.00 09 
001523.0  19911.30 09 
001524.0  19423.16 09 
001525.0  19448.87 09 
001526.0  18826.51 09 
001527.0  00000.00 09 
001528.0  00000.00 09 
001529.0  00000.00 09 
001530.0  00000.00 09 
001531.0  00000.00 09 
001532.0  19522.43 09 
001533.0  15352.26 09 
001534.0  14695.89 09 
001535.0  16708.35 09 
001536.0  00000.00 09 
001537.0  00000.00 09 
001538.0  17532.64 09 
001539.0  16634.99 09 
001540.0  16272.28 09 
001541.0  00000.00 09 
001542.0  00000.00 09 
001543.0  00000.00 09 
001544.0  15560.32 09 
001545.0  14903.54 09 
001546.0  16385.96 09 
001547.0  16076.83 09 
001548.0  16189.39 09 
001549.0  15767.54 09 
001550.0  15067.67 09 
001551.0  20239.23 09 
001552.0  18178.41 08 
001553.0  17783.95 09 
001554.0  17532.02 09 
001555.0  18216.05 09 
001556.0  16984.90 09 
001557.0  17123.66 09 
001558.0  18922.86 09 
001559.0  21212.84 09 
001600.0  19925.65 09 
001601.0  25481.74 09 
001602.0  16369.08 09 
001603.0  27168.35 09 
001604.0  20137.45 09 
001605.0  27410.25 09 
001606.0  19195.72 09 
001607.0  27687.58 09 
001608.0  19738.01 09 
001609.0  27897.72 09 
001610.0  17839.99 09 
001611.0  27680.92 09 
001612.0  17737.20 09 
001613.0  30330.18 09 
001614.0  00000.00 09 
001615.0  26855.79 09 
001616.0  26383.96 09 
001617.0  28099.01 09 
001618.0  27824.78 09 
001619.0  28198.40 59 
001620.0  28193.06 39 
001621.0  28182.89 99 
001622.0  28121.69 09 
001623.0  28183.11 99 
001624.0  28186.24 99 
001625.0  28190.08 99 
001626.0  28192.28 99 
001627.0  28192.03 99 
001628.0  28189.58 99 
001629.0  28189.85 99 
001630.0  28192.17 99 
001631.0  27243.48 09 
001632.0  23060.02 09 
001633.0  26570.40 09 
001634.0  14712.57 09 
001635.0  22237.57 09 
001636.0  18601.29 09 
001637.0  14653.92 09 
001638.0  14951.49 09 
001639.0  15479.15 09 
001640.0  15004.78 09 
001641.0  15987.08 09 
001642.0  17466.74 09 
001643.0  15095.84 09 
001644.0  14456.08 09 
001645.0  14484.14 09 
001646.0  14615.96 09 
001647.0  14098.69 09 
001648.0  14795.21 09 
001649.0  14665.26 09 
001650.0  14147.43 09 
001651.0  15365.67 09 
001652.0  00000.00 09 
001653.0  00000.00 09 
001654.0  00000.00 09 
001655.0  00000.00 09 
001656.0  00000.00 09 
001657.0  00000.00 09 
001658.0  00000.00 09 
001659.0  00000.00 09 
001700.0  00000.00 09 
001701.0  17085.05 09 
001702.0  15273.24 09 
001703.0  15679.20 09 
001704.0  20708.42 09 
001705.0  14742.07 08 
001706.0  16353.32 09 
001707.0  16623.76 09 
001708.0  19399.85 09 
001709.0  19422.80 09 
001710.0  16002.67 09 
001711.0  16440.66 09 
001712.0  16054.83 09 
001713.0  15270.87 09 
001714.0  14698.96 09 
001715.0  16407.80 09 
001716.0  14782.77 09 
001717.0  14449.63 09 
001718.0  14972.86 09 
001719.0  14604.82 09 
001720.0  14595.73 09 
001721.0  14844.25 09 
001722.0  15268.03 09 
001723.0  18789.32 09 
001724.0  15739.32 09 
001725.0  15368.55 09 
001726.0  16944.00 09 
001727.0  19795.69 09 
001728.0  19434.29 09 
001729.0  00000.00 09 
001730.0  00000.00 09 
001731.0  00000.00 09 
001732.0  00000.00 09 
001733.0  00000.00 09 
001734.0  00000.00 09 
001735.0  00000.00 09 
001736.0  00000.00 09 
001737.0  00000.00 09 
001738.0  15058.45 09 
001739.0  15514.25 09 
001740.0  14822.37 09 
001741.0  20983.75 09 
001742.0  20911.99 09 
001743.0  20962.49 09 
001744.0  21007.45 09 
001745.0  14392.72 09 
001746.0  14544.20 09 
001747.0  14123.60 09 
001748.0  14121.61 09 
001749.0  14871.59 09 
001750.0  14493.21 09 
001751.0  14161.45 09 
001752.0  20275.53 09 
001753.0  20906.18 09 
001754.0  21094.52 09 
001755.0  20928.08 09 
001756.0  00000.00 09 
001757.0  19925.65 09 
001758.0  19394.83 09 
001759.0  19734.06 09 
001800.0  19414.05 09 
001801.0  18468.77 09 
001802.0  18629.43 09 
001803.0  19969.27 09 
001804.0  20457.18 09 
001805.0  20244.22 09 
001806.0  18884.31 09 
001807.0  20305.14 09 
001808.0  13041.09 09 
001809.0  19209.32 09 
001810.0  17992.59 09 
001811.0  17703.32 09 
001812.0  18078.99 09 
001813.0  19294.22 09 
001814.0  19165.23 09 
001815.0  00000.00 09 
001816.0  00000.00 09 
001817.0  19382.40 09 
001818.0  00000.00 09 
001819.0  00000.00 09 
001820.0  00000.00 09 
001821.0  00000.00 09 
001822.0  00000.00 09 
001823.0  00000.00 09 
001824.0  00000.00 09 
001825.0  00000.00 09 
001826.0  00000.00 09 
001827.0  00000.00 09 
001828.0  00000.00 09 
001829.0  00000.00 09 
001830.0  19640.42 09 
001831.0  19809.45 09 
001832.0  00000.00 09 
001833.0  00000.00 09 
001834.0  00000.00 09 
001835.0  00000.00 09 
001836.0  00000.00 09 
001837.0  00000.00 09 
001838.0  00000.00 09 
001839.0  00000.00 09 
001840.0  00000.00 09 
001841.0  00000.00 09 
001842.0  00000.00 09 
001843.0  00000.00 09 
001844.0  00000.00 09 
001845.0  00000.00 09 
001846.0  00000.00 09 
001847.0  00000.00 09 
001848.0  00000.00 09 
001849.0  00000.00 09 
001850.0  00000.00 09 
001851.0  14102.86 09 
001852.0  14100.54 09 
001853.0  19672.58 09 
001854.0  19622.42 09 
001855.0  20073.67 09 
001856.0  20228.42 09 
001857.0  20307.05 09 
001858.0  20832.73 09 
001859.0  21331.35 09 
001900.0  21013.42 09 
001901.0  21150.29 09 
001902.0  21300.08 09 
001903.0  21150.84 09 
001904.0  21095.78 09 
001905.0  14145.40 09 
001906.0  14082.27 09 
001907.0  14188.08 09 
001908.0  14171.74 09 
001909.0  14089.55 19 
001910.0  14086.53 19 
001911.0  14086.01 09 
001912.0  14087.72 29 
001913.0  14094.47 09 
001914.0  14088.30 19 
001915.0  14099.45 09 
001916.0  14090.29 19 
001917.0  14099.75 09 
001918.0  14179.80 09 
001919.0  14092.22 09 
001920.0  14202.29 09 
001921.0  14105.32 09 
001922.0  14096.35 09 
001923.0  14012.68 09 
001924.0  14478.40 09 
001925.0  14093.96 19 
001926.0  14093.30 39 
001927.0  00000.00 09 
001928.0  00000.00 09 
001929.0  00000.00 09 
001930.0  15111.58 09 
001931.0  00000.00 09 
001932.0  00000.00 09 
001933.0  00000.00 09 
001934.0  00000.00 09 
001935.0  18493.04 09 
001936.0  14088.36 09 
001937.0  14086.04 49 
001938.0  14085.72 39 
001939.0  20434.02 09 
001940.0  20472.24 09 
001941.0  20278.39 09 
001942.0  21217.00 09 
001943.0  21283.11 09 
001944.0  21128.01 99 
001945.0  21127.42 99 
001946.0  21126.70 99 
001947.0  21126.09 39 
001948.0  21124.72 69 
001949.0  21123.84 49 
001950.0  21122.56 89 
001951.0  00000.00 09 
001952.0  16331.63 09 
001953.0  16277.66 09 
001954.0  14268.59 09 
001955.0  14091.61 09 
001956.0  14107.46 09 
001957.0  14132.41 09 
001958.0  15889.10 09 
001959.0  00000.00 09 
002000.0  00000.00 09 
002001.0  00000.00 09 
002002.0  00000.00 09 
002003.0  14571.98 09 
002004.0  14239.42 09 
002005.0  14100.85 09 
002006.0  18550.24 09 
002007.0  15412.31 09 
002008.0  17788.45 09 
002009.0  14161.57 09 
002010.0  14155.93 09 
002011.0  14169.29 09 
002012.0  14162.56 09 
002013.0  14154.68 09 
002014.0  14086.83 29 
002015.0  14093.95 19 
002016.0  14189.54 09 
002017.0  14091.54 09 
002018.0  14188.90 09 
002019.0  14188.07 09 
002020.0  14142.70 09 
002021.0  14086.21 39 
002022.0  14182.65 09 
002023.0  14159.90 09 
002024.0  14120.74 09 
002025.0  14137.94 09 
002026.0  14084.56 19 
002027.0  14084.70 19 
002028.0  14081.55 99 
002029.0  14083.55 19 
002030.0  14084.56 99 
002031.0  14081.72 99 
002032.0  14082.18 99 
002033.0  14081.73 99 
002034.0  14085.95 99 
002035.0  14101.72 09 
002036.0  14092.08 09 
002037.0  14093.44 09 
002038.0  14083.85 99 
002039.0  14085.33 99 
002040.0  14107.87 29 
002041.0  00000.00 09 
002042.0  00000.00 09 
002043.0  00000.00 09 
002044.0  00000.00 09 
002045.0  00000.00 09 
002046.0  00000.00 09 
002047.0  00000.00 09 
002048.0  00000.00 09 
002049.0  00000.00 09 
002050.0  00000.00 09 
002051.0  00000.00 09 
002052.0  00000.00 09 
002053.0  00000.00 09 
002054.0  00000.00 09 
002055.0  00000.00 09 
002056.0  00000.00 09 
002057.0  00000.00 09 
002058.0  00000.00 09 
002059.0  18324.48 09 
002100.0  17037.77 09 
002101.0  16748.12 09 
002102.0  16380.51 09 
002103.0  17020.11 09 
002104.0  18420.42 09 
002105.0  17096.91 09 
002106.0  15863.51 09 
002107.0  16033.92 09 
002108.0  16299.21 09 
002109.0  16213.37 09 
002110.0  16909.10 09 
002111.0  17460.55 09 
002112.0  16753.81 09 
002113.0  16342.47 09 
002114.0  15130.62 09 
002115.0  14450.99 09 
002116.0  17008.36 09 
002117.0  16822.47 09 
002118.0  16479.16 09 
002119.0  16753.81 09 
002120.0  14156.30 09 
002121.0  14084.33 99 
002122.0  14084.88 89 
002123.0  14093.05 09 
002124.0  14179.88 09 
002125.0  14084.39 49 
002126.0  14930.65 09 
002127.0  15465.06 09 
002128.0  15460.20 09 
002129.0  14320.75 09 
002130.0  15017.14 09 
002131.0  18155.62 09 
002132.0  14008.87 09 
002133.0  14095.64 09 
002134.0  14090.22 09 
002135.0  14188.74 09 
002136.0  16702.68 09 
002137.0  15039.14 09 
002138.0  00000.00 09 
002139.0  14096.79 09 
002140.0  00000.00 09 
002141.0  14080.77 09 
002142.0  14155.08 09 
002143.0  14180.78 09 
002144.0  14159.99 09 
002145.0  00000.00 09 
002146.0  00000.00 09 
002147.0  00000.00 09 
002148.0  17891.83 09 
002149.0  14836.21 09 
002150.0  14637.37 09 
002151.0  14766.38 09 
002152.0  14768.15 09 
002153.0  14086.08 09 
002154.0  14157.23 09 
002155.0  14139.99 09 
002156.0  00000.00 09 
002157.0  00000.00 09 
002158.0  00000.00 09 
002159.0  14084.98 09 
002200.0  14094.21 09 
002201.0  14112.83 09 
002202.0  14082.90 99 
002203.0  14084.09 99 
002204.0  14086.46 99 
002205.0  14085.84 99 
002206.0  14086.93 99 
002207.0  14098.55 99 
002208.0  14072.94 09 
002209.0  14083.32 59 
002210.0  14083.71 39 
002211.0  14082.63 99 
002212.0  14082.91 19 
002213.0  14087.62 99 
002214.0  14088.52 49 
002215.0  14085.10 39 
002216.0  14084.09 99 
002217.0  14080.61 39 
002218.0  14091.57 99 
002219.0  14151.05 09 
002220.0  14147.10 09 
002221.0  14084.17 99 
002222.0  14082.87 59 
002223.0  14088.86 99 
002224.0  14088.78 99 
002225.0  14089.61 99 
002226.0  14109.25 19 
002227.0  14077.59 19 
002228.0  14092.70 69 
002229.0  14090.34 09 
002230.0  14086.42 99 
002231.0  14088.26 99 
002232.0  14087.28 99 
002233.0  14089.02 99 
002234.0  14106.11 89 
002235.0  00000.00 09 
002236.0  14102.43 09 
002237.0  14061.00 09 
002238.0  14160.94 09 
002239.0  14182.55 09 
002240.0  14155.85 09 
002241.0  14157.31 09 
002242.0  14157.91 09 
002243.0  14106.12 09 
002244.0  14195.36 09 
002245.0  14153.63 09 
002246.0  14163.45 09 
002247.0  17445.09 09 
002248.0  20266.23 09 
002249.0  00000.00 09 
002250.0  00000.00 09 
002251.0  19845.37 09 
002252.0  14147.27 09 
002253.0  00000.00 09 
002254.0  00000.00 09 
002255.0  00000.00 09 
002256.0  00000.00 09 
002257.0  14062.97 09 
002258.0  14156.00 09 
002259.0  14080.21 79 
002300.0  14066.81 09 
002301.0  14084.33 39 
002302.0  14082.38 99 
002303.0  14082.47 49 
002304.0  14084.93 19 
002305.0  16810.99 09 
002306.0  16651.86 09 
002307.0  14080.03 29 
002308.0  14171.58 09 
002309.0  14085.76 19 
002310.0  14084.86 09 
002311.0  14162.12 09 
002312.0  14177.89 09 
002313.0  14075.69 09 
002314.0  14145.28 09 
002315.0  14172.44 09 
002316.0  14075.75 09 
002317.0  14098.25 09 
002318.0  14164.90 09 
002319.0  14168.92 09 
002320.0  14159.59 09 
002321.0  14091.32 09 
002322.0  14092.20 09 
002323.0  14155.18 09 
002324.0  14164.43 09 
002325.0  17240.53 09 
002326.0  14176.86 09 
002327.0  14169.09 09 
002328.0  14089.67 09 
002329.0  14084.55 59 
002330.0  14087.91 59 
002331.0  14081.71 99 
002332.0  14080.01 39 
002333.0  14084.40 99 
002334.0  14083.64 99 
002335.0  14083.63 99 
002336.0  14089.23 49 
002337.0  14402.82 09 
002338.0  14611.75 09 
002339.0  15450.50 09 
002340.0  15701.69 09 
002341.0  17673.56 09 
002342.0  17031.88 09 
002343.0  14104.56 09 
002344.0  00000.00 09 
002345.0  14113.30 09 
002346.0  14074.63 09 
002347.0  14585.79 09 
002348.0  16473.10 09 
002349.0  00000.00 09 
002350.0  00000.00 09 
002351.0  14106.65 09 
002352.0  14088.72 09 
002353.0  14197.25 09 
002354.0  14182.21 09 
002355.0  14109.14 09 
002356.0  14117.91 09 
002357.0  00000.00 09 
002358.0  14189.80 09 
002359.0  14167.23 09 
002400.0  21075.74 09 
002401.0  14084.87 09 
002402.0  00000.00 09 
002403.0  21073.66 09 
002404.0  14167.08 09 
002405.0  14084.95 99 
002406.0  14083.42 99 
002407.0  14078.33 19 
002408.0  14089.74 79 
002409.0  14173.53 09 
002410.0  14064.98 09 
002411.0  14100.60 09 
002412.0  14088.09 19 
002413.0  14087.91 99 
002414.0  14086.10 99 
002415.0  14093.03 09 
002416.0  14090.20 29 
002417.0  14096.21 39 
002418.0  14091.16 09 
002419.0  14085.23 09 
002420.0  00000.00 09 
002421.0  00000.00 09 
002422.0  00000.00 09 
002423.0  00000.00 09 
002424.0  00000.00 09 
002425.0  00000.00 09 
002426.0  00000.00 09 
002427.0  21066.66 09 
002428.0  14180.27 09 
002429.0  14663.08 09 
002430.0  14088.64 19 
002431.0  14145.72 09 
002432.0  14092.01 89 
002433.0  14093.57 39 
002434.0  14093.33 99 
002435.0  14096.93 19 
002436.0  14101.87 29 
002437.0  17769.19 09 
002438.0  16320.81 09 
002439.0  16380.51 09 
002440.0  18055.79 09 
002441.0  16473.65 09 
002442.0  17833.53 09 
002443.0  14075.83 19 
002444.0  14112.64 39 
002445.0  16007.87 09 
002446.0  14110.81 09 
002447.0  14093.87 09 
002448.0  14155.41 09 
002449.0  14096.97 09 
002450.0  14090.52 79 
002451.0  14090.36 99 
002452.0  14095.82 99 
002453.0  14101.59 39 
002454.0  14134.05 09 
002455.0  14189.47 09 
002456.0  14321.49 09 
002457.0  14093.39 99 
002458.0  14093.68 99 
002459.0  14093.86 69 
002500.0  14101.96 99 
002501.0  14095.60 29 
002502.0  14110.70 09 
002503.0  20079.99 09 
002504.0  17225.46 09 
002505.0  19688.98 09 
002506.0  00000.00 09 
002507.0  00000.00 09 
002508.0  00000.00 09 
002509.0  20021.92 09 
002510.0  14096.49 09 
002511.0  14352.88 09 
002512.0  14142.37 09 
002513.0  14438.46 09 
002514.0  14174.83 09 
002515.0  14095.24 99 
002516.0  14093.22 99 
002517.0  14096.72 99 
002518.0  14097.74 99 
002519.0  14097.27 99 
002520.0  14094.97 99 
002521.0  14094.45 99 
002522.0  14094.73 99 
002523.0  14094.37 99 
002524.0  14094.33 99 
002525.0  14093.29 99 
002526.0  14092.55 99 
002527.0  14093.58 99 
002528.0  14093.47 99 
002529.0  14092.72 99 
002530.0  14092.37 99 
002531.0  14090.74 99 
002532.0  14092.89 99 
002533.0  14090.25 99 
002534.0  14089.35 99 
002535.0  14094.53 99 
002536.0  14088.44 99 
002537.0  14088.44 99 
002538.0  14087.33 99 
002539.0  14089.16 99 
002540.0  14088.64 99 
002541.0  14090.18 99 
002542.0  14116.90 39 
002543.0  00000.00 09 
002544.0  14078.87 09 
002545.0  14173.72 09 
002546.0  14196.66 09 
002547.0  21017.10 09 
002548.0  20244.10 09 
002549.0  20786.47 09 
002550.0  18082.31 09 
002551.0  14084.20 19 
002552.0  14168.90 09 
002553.0  14162.96 09 
002554.0  14084.86 99 
002555.0  14093.79 99 
002556.0  14089.09 99 
002557.0  14100.62 19 
002558.0  14162.99 09 
002559.0  14173.39 09 
002600.0  00000.00 09 
002601.0  14129.88 09 
002602.0  14179.71 09 
002603.0  14143.67 09 
002604.0  14048.86 09 
002605.0  00000.00 09 
002606.0  00000.00 09 
002607.0  00000.00 09 
002608.0  00000.00 09 
002609.0  14086.48 09 
002610.0  14173.83 09 
002611.0  00000.00 09 
002612.0  17749.98 09 
002613.0  14081.65 69 
002614.0  14088.30 99 
002615.0  14089.90 99 
002616.0  14094.42 99 
002617.0  14094.47 89 
002618.0  14094.40 99 
002619.0  14096.69 99 
002620.0  14188.61 09 
002621.0  14066.65 09 
002622.0  14047.17 09 
002623.0  14188.57 09 
002624.0  14180.64 09 
002625.0  19316.16 09 
002626.0  00000.00 09 
002627.0  19868.81 09 
002628.0  19180.13 09 
002629.0  00000.00 09 
002630.0  00000.00 09 
002631.0  00000.00 09 
002632.0  00000.00 09 
002633.0  00000.00 09 
002634.0  00000.00 09 
002635.0  00000.00 09 
002636.0  00000.00 09 
002637.0  00000.00 09 
002638.0  14147.84 09 
002639.0  14154.75 09 
002640.0  14239.28 09 
002641.0  14723.12 09 
002642.0  14304.26 09 
002643.0  14179.28 09 
002644.0  14353.14 09 
002645.0  14111.07 09 
002646.0  14130.99 09 
002647.0  14101.10 29 
002648.0  14153.00 09 
002649.0  14672.69 09 
002650.0  14296.99 09 
002651.0  14659.15 09 
002652.0  14324.36 09 
002653.0  14115.36 09 
002654.0  14202.71 09 
002655.0  14211.88 09 
002656.0  14104.53 19 
002657.0  14101.87 49 
002658.0  14101.74 49 
002659.0  14103.74 19 
002700.0  14102.77 29 
002701.0  14129.77 09 
002702.0  14097.95 09 
002703.0  19327.53 09 
002704.0  00000.00 09 
002705.0  00000.00 09 
002706.0  14395.66 09 
002707.0  00000.00 09 
002708.0  00000.00 09 
002709.0  00000.00 09 
002710.0  00000.00 09 
002711.0  00000.00 09 
002712.0  00000.00 09 
002713.0  00000.00 09 
002714.0  00000.00 09 
002715.0  00000.00 09 
002716.0  00000.00 09 
002717.0  00000.00 09 
002718.0  00000.00 09 
002719.0  00000.00 09 
002720.0  00000.00 09 
002721.0  00000.00 09 
002722.0  00000.00 09 
002723.0  00000.00 09 
002724.0  00000.00 09 
002725.0  00000.00 09 
002726.0  00000.00 09 
002727.0  00000.00 09 
002728.0  18162.32 09 
002729.0  00000.00 09 
002730.0  14694.13 09 
002731.0  14767.71 09 
002732.0  20748.83 09 
002733.0  20215.61 09 
002734.0  17686.25 09 
002735.0  16380.51 09 
002736.0  15909.63 09 
002737.0  16528.93 09 
002738.0  14092.43 09 
002739.0  14100.91 99 
002740.0  14101.15 99 
002741.0  14101.72 69 
002742.0  14118.18 29 
002743.0  00000.00 09 
002744.0  14492.23 09 
002745.0  14129.35 09 
002746.0  14097.29 09 
002747.0  21233.39 09 
002748.0  14203.36 09 
002749.0  14080.04 09 
002750.0  14167.32 09 
002751.0  14113.23 09 
002752.0  16708.35 09 
002753.0  00000.00 09 
002754.0  00000.00 09 
002755.0  00000.00 09 
002756.0  14099.07 29 
002757.0  14097.07 39 
002758.0  14150.81 09 
002759.0  14193.36 09 
002800.0  16391.42 09 
002801.0  17162.44 09 
002802.0  14246.19 09 
002803.0  14326.99 09 
002804.0  14402.40 09 
002805.0  16107.33 09 
002806.0  15858.40 09 
002807.0  16054.83 09 
002808.0  14262.69 09 
002809.0  14335.33 09 
002810.0  16176.09 09 
002811.0  15981.90 09 
002812.0  00000.00 09 
002813.0  00000.00 09 
002814.0  00000.00 09 
002815.0  19998.46 09 
002816.0  14141.60 09 
002817.0  14097.35 49 
002818.0  14174.58 09 
002819.0  14073.13 09 
002820.0  14101.11 09 
002821.0  14195.97 09 
002822.0  14202.46 09 
002823.0  14174.90 09 
002824.0  14095.56 39 
002825.0  14102.53 09 
002826.0  14094.75 09 
002827.0  14105.49 29 
002828.0  14161.75 09 
002829.0  14193.06 09 
002830.0  14166.14 09 
002831.0  14169.71 09 
002832.0  14163.33 09 
002833.0  14181.40 09 
002834.0  14199.51 09 
002835.0  00000.00 09 
002836.0  00000.00 09 
002837.0  00000.00 09 
002838.0  00000.00 09 
002839.0  00000.00 09 
002840.0  14095.35 09 
002841.0  14173.73 09 
002842.0  14165.08 09 
002843.0  14182.35 09 
002844.0  14094.47 09 
002845.0  14588.81 09 
002846.0  16897.50 09 
002847.0  16932.35 09 
002848.0  14088.08 09 
002849.0  14137.95 09 
002850.0  14438.71 09 
002851.0  14427.47 09 
002852.0  14222.29 09 
002853.0  14362.20 09 
002854.0  00000.00 09 
002855.0  00000.00 09 
002856.0  14884.18 09 
002857.0  14252.62 09 
002858.0  14198.86 09 
002859.0  14089.39 39 
002900.0  14099.05 09 
002901.0  14095.24 99 
002902.0  14095.41 99 
002903.0  14094.81 99 
002904.0  14097.49 49 
002905.0  16192.05 09 
002906.0  14311.06 09 
002907.0  14096.98 19 
002908.0  20075.90 09 
002909.0  20425.43 09 
002910.0  16810.99 09 
002911.0  14077.22 09 
002912.0  20978.84 09 
002913.0  17204.40 09 
002914.0  14057.61 09 
002915.0  14349.53 09 
002916.0  14103.42 09 
002917.0  14093.74 09 
002918.0  14095.24 09 
002919.0  14093.30 99 
002920.0  14093.21 59 
002921.0  20284.24 09 
002922.0  17846.45 09 
002923.0  19507.41 09 
002924.0  20917.81 09 
002925.0  18850.44 09 
002926.0  20110.67 09 
002927.0  18372.33 09 
002928.0  17705.32 09 
002929.0  19188.24 09 
002930.0  18541.77 09 
002931.0  19651.39 09 
002932.0  18777.63 09 
002933.0  00000.00 09 
002934.0  00000.00 09 
002935.0  00000.00 09 
002936.0  00000.00 09 
002937.0  00000.00 09 
002938.0  17765.35 09 
002939.0  18236.29 09 
002940.0  18148.93 09 
002941.0  18392.91 09 
002942.0  19584.97 09 
002943.0  19783.99 09 
002944.0  19203.20 09 
002945.0  19297.24 09 
002946.0  18864.88 09 
002947.0  20229.25 09 
002948.0  23466.51 09 
002949.0  18276.89 09 
002950.0  23135.84 09 
002951.0  14725.76 09 
002952.0  22553.21 09 
002953.0  23377.41 09 
002954.0  20079.99 09 
002955.0  21989.38 09 
002956.0  23477.70 09 
002957.0  19869.39 09 
002958.0  21490.49 09 
002959.0  18472.23 09 
003000.0  24145.20 09 
003001.0  14103.31 09 
003002.0  25416.00 09 
003003.0  14117.58 09 
003004.0  25682.37 09 
003005.0  15479.64 09 
003006.0  23322.07 09 
003007.0  20320.22 09 
003008.0  21052.49 09 
003009.0  20794.49 09 
003010.0  21159.35 09 
003011.0  21424.13 09 
003012.0  21147.30 19 
003013.0  21147.42 49 
003014.0  21143.03 79 
003015.0  21142.75 29 
003016.0  21138.77 29 
003017.0  21144.48 99 
003018.0  21145.45 19 
003019.0  21145.77 29 
003020.0  21144.07 29 
003021.0  21142.73 59 
003022.0  21138.16 19 
003023.0  19933.71 09 
003024.0  21930.64 09 
003025.0  21004.78 09 
003026.0  21148.93 99 
003027.0  21096.68 09 
003028.0  20919.75 09 
003029.0  21153.30 19 
003030.0  21146.09 49 
003031.0  21151.19 09 
003032.0  21146.69 99 
003033.0  21147.00 99 
003034.0  21145.69 69 
003035.0  21148.50 99 
003036.0  21149.43 89 
003037.0  21153.07 99 
003038.0  21147.46 39 
003039.0  20916.48 09 
003040.0  20978.39 09 
003041.0  20952.83 09 
003042.0  21120.68 09 
003043.0  21151.92 19 
003044.0  21149.19 19 
003045.0  21148.79 09 
003046.0  21150.57 09 
003047.0  21139.40 09 
003048.0  20503.89 09 
003049.0  19562.42 09 
003050.0  00000.00 09 
003051.0  00000.00 09 
003052.0  18661.57 09 
003053.0  00000.00 09 
003054.0  00000.00 09 
003055.0  00000.00 09 
003056.0  14166.65 09 
003057.0  14194.50 09 
003058.0  14114.96 09 
003059.0  14117.80 09 
003100.0  14161.74 09 
003101.0  14161.44 09 
003102.0  14178.91 09 
003103.0  14166.19 09 
003104.0  14229.93 09 
003105.0  14198.76 09 
003106.0  14205.12 09 
003107.0  14117.20 09 
003108.0  00000.00 09 
003109.0  14898.13 09 
003110.0  14185.39 09 
003111.0  14105.56 09 
003112.0  14110.65 09 
003113.0  14151.61 09 
003114.0  14233.84 09 
003115.0  14110.38 09 
003116.0  14099.84 09 
003117.0  14164.90 09 
003118.0  14156.43 09 
003119.0  14098.39 69 
003120.0  14112.08 09 
003121.0  14172.11 09 
003122.0  14140.19 09 
003123.0  14108.23 09 
003124.0  14466.09 09 
003125.0  14034.80 09 
003126.0  14086.34 09 
003127.0  14030.09 09 
003128.0  14123.61 09 
003129.0  00000.00 99 
003130.0  14134.44 09 
003131.0  00000.00 09 
003132.0  00000.00 09 
003133.0  21002.99 09 
003134.0  17264.71 09 
003135.0  16402.33 09 
003136.0  14111.43 09 
003137.0  14133.63 09 
